5	2
1	0	25	50	75	100	1
2	1	26	51	76	101	1
3	2	27	52	77	102	1
4	3	28	53	78	103	1
5	4	29	54	79	104	1
6	5	30	55	80	105	1
7	6	31	56	81	106	1
8	7	32	57	82	107	1
9	8	33	58	83	108	1
10	9	34	59	84	109	1
11	10	35	60	85	110	1
12	11	36	61	86	111	1
13	12	37	62	87	112	1
14	13	38	63	88	113	1
15	14	39	64	89	114	1
16  15  40  65  90  115 1
17  16  41  66  91  116 1
18  17  42  67  92  117 1
19  18  43  68  93  118 1
20  19  44  69  94  119 1
21  20  45  70  95  120 1
22  21  46  71  96  121 1
23  22  47  72  97  122 1
24  23  48  73  98  123 1
25  24  49  74  99  124 1
1   155 161 2
2   156 162 2
3   157 163 2
4   158 164 2
5   159 165 2
6   160 166 2

