2   2   2   2   2
1   0   32  1
2   1   33  1
3   2   34  1
4   3   35  1
5   4   36  1
6   5   37  1
7   6   38  1
8   7   39  1
9   8   40  1
10  9   41  1
11  10  42  1
12  11  43  1
13  12  44  1
14  13  45  1
15  14  46  1
16  15  47  1
17  16  48  1
18  17  49  1
19  18  50  1
20  19  51  1
21  20  52  1
22  21  53  1
23  22  54  1
24  23  55  1
25  24  56  1
26  25  57  1
27  26  58  1
28  27  59  1
29  28  60  1
30  29  61  1
31  30  62  1
32  31  63  1
1   64  96  2
2   65  97  2
3   66  98  2
4   67  99  2
5   68  100 2
6   69  101 2
7   70  102 2
8   71  103 2
9   72  104 2
10  73  105 2
11  74  106 2
12  75  107 2
13  76  108 2
14  77  109 2
15  78  110 2
16  79  111 2
17  80  112 2
18  81  113 2
19  82  114 2
20  83  115 2
21  84  116 2
22  85  117 2
23  86  118 2
24  87  119 2
25  88  120 2
26  89  121 2
27  90  122 2
28  91  123 2
29  92  124 2
30  93  125 2
31  94  126 2
32  95  127 2
1   128 160 3
2   129 161 3
3   130 162 3
4   131 163 3
5   132 164 3
6   133 165 3
7   134 166 3
8   135 167 3
9   136 168 3
10  137 169 3
11  138 170 3
12  139 171 3
13  140 172 3
14  141 173 3
15  142 174 3
16  143 175 3
17  144 176 3
18  145 177 3
19  146 178 3
20  147 179 3
21  148 180 3
22  149 181 3
23  150 182 3
24  151 183 3
25  152 184 3
26  153 185 3
27  154 186 3
28  155 187 3
29  156 188 3
30  157 189 3
31  158 190 3
32  159 191 3
1   192 224 4
2   193 225 4
3   194 226 4
4   195 227 4
5   196 228 4
6   197 229 4
7   198 230 4
8   199 231 4
9   200 232 4
10  201 233 4
11  202 234 4
12  203 235 4
13  204 236 4
14  205 237 4
15  206 238 4
16  207 239 4
17  208 240 4
18  209 241 4
19  210 242 4
20  211 243 4
21  212 244 4
22  213 245 4
23  214 246 4
24  215 247 4
25  216 248 4
26  217 249 4
27  218 250 4
28  219 251 4
29  220 252 4
30  221 253 4
31  222 254 4
32  223 255 4
1   256 257 5
2   258 259 5
3   260 261 5
4   262 263 5
