2   2   2
1	0	10	1
2   1   11  1
3   2   12	1
4   3   13	1
5   4   14	1
6   5   15	1
7   6   16	1
8   7   17	1
9   8   18	1
10  9   19	1
11  20  30	1
12  21  31	1
13  22  32	1
14  23  33	1
15  24  34	1
16  25  35	1
17  26  36	1
18  27  37	1
19  28  38	1
20  29  39	1
21  40  50	1
22  41  51	1
23  42  52	1
24  43  53	1
25  44  54	1
26  45  55	1
27  46  56	1
28  47  57	1
29  48  58	1
30  49  59	1
31  60  70	1
32  61  71	1
33  62  72	1
34  63  73	1
35  64  74	1
36  65  75	1
37  66  76	1
38  67  77	1
39  68  78	1
40  69  79	1
1   80  84  2
2   81  85  2
3   82  86  2
4   83  87  2
1   88  89  3
